198 19
130 128
165 131
101 134
101 135
165 142
120 149
131 150
107 155
84 162
100 187
59 194
128 209
140 226
138 227
124 236
133 243
180 249
157 250
161 251
147 252
175 258
159 268
160 268
44 285
58 285
46 290
44 292
72 293
31 294
124 299
134 299
109 305
139 305
195 305
215 305
229 305
129 311
130 313
17 316
182 318
132 319
223 319
123 321
127 321
221 321
164 322
88 329
87 338
130 338
189 340
136 341
50 285
148 14
122 22
130 22
132 22
140 46
122 54
130 54
92 126
94 126
118 128
164 128
118 138
160 162
100 188
70 198
142 242
146 264
72 268
74 268
76 268
152 268
156 268
54 288
208 296
224 296
148 312
238 318
140 320
194 320
144 32
144 36
164 156
72 196
136 256
92 304
160 316

157 311
469 1
14 431
100 203
100 203
14 431
260 266
531 13
469 1
531 13
416 149
100 312
10 63
101 264
529 11
529 11
491 11
236 174
257 288
233 297
136 318
258 263
527 14
527 14
609 204
609 204
636 423
233 297
491 319
157 309
98 337
100 337
98 330
98 330
222 145
98 330
98 330
7 362
3 71
206 303
99 214
3 71
3 71
98 330
509 14
509 14
222 145
265 1
114 328
7 362
3 71
265 1
426 140
606 199
469 1
469 1
469 1
100 203
406 12
406 12
439 13
439 13
614 267
614 267
616 282
406 12
416 149
406 12
143 79
491 11
439 13
439 13
439 13
478 13
485 13
406 12
7 362
7 362
15 336
509 14
509 14
509 14
616 282
616 282
222 145
509 14
157 309
469 1
509 14
