2 31
2 213
2 218
2 235
2 282
2 438
3 178
3 319
3 322
4 465
5 580
5 593
6 381
6 540
7 190
8 278
8 510
9 488
10 548
10 573
11 430
11 464
12 30
12 366
12 573
13 17
13 606
14 133
14 178
14 323
14 334
14 467
14 574
15 119
17 360
18 132
18 352
18 586
19 107
19 129
19 236
19 369
19 578
20 492
20 609
20 623
22 453
23 160
23 213
23 483
23 488
24 309
24 310
24 526
25 492
26 622
26 623
27 134
27 220
27 392
27 523
27 546
27 575
27 636
28 64
28 620
29 336
29 348
29 407
29 635
30 242
30 624
31 202
31 481
31 515
33 51
33 71
35 277
35 330
35 343
35 478
35 629
36 486
37 341
38 561
39 177
40 493
41 503
41 626
42 602
42 620
44 182
45 519
46 107
47 308
47 499
48 308
49 570
51 195
51 252
52 117
53 537
54 276
54 540
55 498
55 586
56 115
57 380
58 391
58 559
58 625
59 447
59 589
59 633
60 453
62 50
62 597
63 400
64 519
64 539
64 612
65 277
66 89
66 91
66 578
68 51
68 581
68 607
69 51
71 629
73 406
73 414
73 541
73 542
75 488
76 67
76 232
76 616
77 554
78 272
80 257
80 272
81 57
81 516
81 543
82 273
82 581
83 440
84 100
84 403
85 211
86 332
86 636
87 544
87 622
88 427
88 428
89 270
90 468
90 578
90 626
91 551
92 121
92 212
92 427
93 142
93 618
94 104
94 413
96 141
96 507
97 130
98 97
99 353
99 530
99 568
99 602
101 403
101 449
101 618
102 413
102 414
103 52
103 444
104 352
104 592
105 493
105 564
105 565
107 13
107 402
107 600
108 269
108 594
109 7
109 402
109 594
110 25
110 559
111 175
111 552
113 165
114 59
114 101
115 564
117 512
117 530
118 177
119 417
121 41
121 103
121 330
121 581
121 610
123 611
124 71
124 479
126 120
126 421
127 62
127 362
128 120
130 440
131 238
131 280
131 413
132 336
134 9
134 191
134 458
134 578
135 42
135 168
135 174
135 423
136 452
136 453
136 629
137 104
137 312
137 459
137 488
137 609
139 86
139 611
141 56
142 421
143 51
143 442
144 203
145 91
146 2
146 69
146 233
148 501
149 55
149 497
149 524
149 532
149 533
149 614
150 216
151 81
151 120
151 136
153 11
155 308
156 612
158 261
158 618
159 354
160 388
160 588
161 210
161 245
163 213
163 445
163 486
163 512
163 619
164 21
168 214
169 623
170 267
170 377
170 468
171 350
172 93
173 168
173 271
174 115
174 443
174 582
175 614
176 193
176 374
176 626
178 24
178 261
178 372
178 380
179 229
179 365
180 10
180 398
181 393
181 437
183 215
183 458
184 371
184 376
184 389
185 5
186 352
187 387
187 428
188 66
188 632
189 6
189 425
189 580
190 482
192 19
192 236
193 179
194 376
194 571
195 106
195 237
197 149
198 49
198 446
199 368
200 56
200 209
200 291
200 371
204 366
204 532
204 605
205 420
205 434
206 26
206 118
206 119
206 353
207 420
208 383
208 389
209 153
209 564
210 399
211 449
211 458
212 376
212 434
213 387
214 331
214 333
214 335
214 337
214 339
214 341
214 575
215 235
215 578
216 184
216 292
217 307
217 399
218 6
218 483
219 97
219 231
219 391
220 378
220 492
221 474
222 289
223 47
224 551
225 101
226 30
226 307
226 329
228 464
228 465
231 65
231 171
232 160
232 611
232 618
235 355
236 189
236 190
236 224
236 225
236 227
236 348
237 234
237 348
238 7
238 8
238 173
238 348
238 355
239 348
240 165
240 166
240 167
240 257
240 262
240 264
240 335
240 348
240 591
240 596
240 612
241 162
241 348
244 41
244 197
245 189
245 335
248 531
248 532
250 327
250 440
251 241
251 550
252 56
252 163
252 209
252 334
253 47
253 241
254 108
254 323
255 240
257 222
257 296
257 400
258 112
258 326
258 508
258 630
259 576
261 21
261 379
262 2
263 267
264 4
264 5
264 170
264 563
265 60
266 58
266 500
267 254
267 366
269 506
270 56
271 17
273 147
273 446
275 538
276 361
276 415
277 143
277 274
278 170
278 192
278 297
279 20
279 144
279 330
280 59
281 372
281 451
281 452
282 349
282 378
282 464
283 64
285 432
285 508
286 39
286 139
288 139
289 572
292 119
292 139
292 354
296 173
296 625
299 120
300 174
302 492
303 14
303 118
303 552
304 149
305 636
306 24
308 422
309 174
309 637
310 419
310 421
310 620
311 637
312 390
312 537
312 637
313 590
313 637
314 236
314 403
314 467
314 637
315 637
316 175
316 372
317 523
318 295
318 306
319 523
320 21
320 399
321 406
321 480
322 205
322 238
322 313
324 201
325 30
325 549
326 57
326 99
326 348
328 57
328 83
328 141
328 602
329 14
330 187
330 304
331 14
332 133
332 231
333 207
333 222
333 461
334 496
335 13
335 187
335 411
335 486
335 635
336 495
337 13
337 20
338 574
339 132
339 479
340 13
340 580
341 113
341 483
342 18
342 140
342 608
343 145
344 12
344 145
344 579
346 37
346 188
346 534
348 224
348 251
350 21
350 369
351 195
352 255
354 141
355 5
355 56
355 637
356 66
356 77
357 123
357 593
358 71
359 9
359 125
359 300
359 637
360 63
360 571
361 9
362 9
362 46
362 588
363 288
364 480
364 482
364 483
365 544
367 627
368 431
368 432
369 36
369 38
370 293
370 514
370 516
371 215
371 228
372 206
372 228
372 588
373 243
373 612
374 556
375 612
376 30
376 171
378 457
378 462
378 618
379 131
380 115
380 348
382 131
382 144
383 463
383 551
383 556
384 262
385 41
385 114
385 345
385 545
385 591
386 127
387 197
387 448
387 543
390 2
390 213
390 313
390 400
390 454
391 497
392 114
392 313
392 454
393 26
393 577
394 208
395 528
396 39
396 55
397 315
397 372
398 25
399 9
399 12
400 18
402 59
402 115
403 262
403 293
404 161
404 194
405 115
405 621
406 64
407 55
407 74
408 305
408 347
408 452
409 337
409 362
409 529
410 355
410 470
410 590
411 156
411 628
412 49
412 51
412 428
414 240
414 246
414 328
415 544
415 559
416 20
416 121
416 285
416 312
417 33
417 293
417 469
417 629
418 234
419 121
419 476
420 508
420 609
420 623
421 394
421 591
422 232
422 344
422 432
424 46
424 419
425 348
426 346
426 397
427 49
427 58
427 72
427 79
427 270
427 559
428 135
428 286
428 416
428 604
429 477
430 221
431 550
431 630
432 624
433 37
434 185
434 222
434 255
434 491
434 605
434 606
435 125
435 434
436 255
437 298
437 370
438 34
438 36
438 410
438 421
438 531
438 546
439 103
439 104
439 234
439 531
440 464
441 98
442 269
442 474
442 481
443 243
444 4
444 86
444 315
444 525
445 157
445 352
445 404
446 79
446 215
446 408
447 75
447 344
447 372
447 410
447 415
447 626
448 117
449 223
449 520
450 150
450 188
450 316
450 538
451 538
452 2
452 473
452 480
452 538
452 627
453 224
453 538
453 627
454 121
454 159
454 538
454 627
455 627
456 247
456 538
457 264
457 627
458 27
458 627
459 270
459 388
459 447
460 528
460 628
461 537
462 62
462 468
463 103
463 349
464 185
464 209
464 275
466 24
466 547
466 594
466 628
467 298
467 535
468 87
470 221
470 223
470 343
471 295
471 557
471 564
473 370
473 590
475 187
475 397
477 89
477 256
477 366
477 508
