-6 
-16 
-22 
-1 
-1 
0 
-1 
-1 
0 
0 
1 
0 
1 
1 
1 
0 
1 
0 
-1 
0 
0 
-1 
-1 
0 
-1 
0 
1 
1 
0 
0 
-1 
0 
1 
0 
0 
0 
1 
0 
0 
1 
0 
0 
-1 
-4 
0 
4 
5 
4 
1 
-4 
-3 
0 
0 
0 
0 
0 
0 
-1 
-1 
-1 
-1 
0 
-1 
-1 
0 
-1 
0 
0 
1 
0 
0 
-1 
-2 
-3 
-2 
-1 
1 
4 
5 
5 
3 
0 
-1 
-2 
-1 
-1 
0 
0 
-1 
0 
-1 
0 
0 
1 
0 
0 
0 
0 
0 
0 
0 
0 
-1 
-2 
-2 
0 
3 
4 
4 
0 
-2 
-2 
-1 
0 
0 
0 
1 
0 
0 
-1 
-4 
-2 
3 
3 
2 
1 
-3 
-1 
1 
1 
1 
0 
0 
0 
0 
0 
0 
0 
0 
-1 
-1 
0 
0 
0 
1 
1 
0 
0 
0 
0 
0 
0 
0 
0 
0 
1 
0 
-1 
-2 
-2 
1 
3 
5 
4 
1 
-1 
-1 
-1 
-1 
0 
-1 
0 
0 
-1 
1 
1 
0 
0 
0 
0 
0 
0 
-1 
0 
0 
0 
-1 
-1 
-2 
-1 
0 
1 
1 
2 
1 
2 
1 
-1 
-2 
-1 
-1 
-1 
0 
0 
-1 
0 
0 
0 
0 
0 
0 
0 
0 
0 
0 
0 
1 
0 
0 
0 
0 
0 
0 
0 
1 
0 
0 
0 
0 
0 
1 
1 
0 
0 
-1 
0 
0 
0 
0 
0 
0 
0 
0 
0 
0 
0 
0 
0 
0 
0 
0 
0 
0 
0 
0 
0 
0 
0 
0 
0 
0 
0 
0 
0 
-1 
0 
0 
0 
0 
0 
0 
0 
0 
0 
0 
0 
0 
0 
1 
0 
0 
-1 
0 
0 
0 
0 
0 
0 
0 
0 
0 
0 
0 
0 
0 
0 
-1 
0 
0 
-1 
-1 
0 
0 
1 
0 
-1 
-1 
0 
1 
1 
0 
0 
0 
0 
0 
0 
0 
0 
0 
0 
-1 
-1 
0 
0 
0 
-1 
0 
0 
0 
0 
0 
1 
0 
0 
0 
0 
1 
-6 
-14 
-9 
-1 
6 
14 
10 
1 
2 
3 
4 
2 
2 
1 
0 
0 
2 
2 
3 
1 
2 
0 
2 
1 
-1 
-2 
0 
2 
3 
3 
1 
0 
1 
0 
-2 
0 
0 
-1 
-1 
0 
0 
0 
0 
0 
0 
0 
-1 
0 
-1 
0 
1 
1 
0 
0 
0 
0 
0 
0 
1 
0 
0 
0 
0 
0 
1 
0 
1 
0 
0 
1 
0 
1 
1 
0 
1 
1 
2 
4 
9 
10 
8 
4 
-2 
-8 
-11 
-10 
-8 
-5 
-1 
0 
0 
0 
0 
0 
0 
1 
2 
1 
1 
0 
-1 
-1 
0 
0 
0 
0 
0 
-1 
0 
0 
1 
1 
0 
0 
0 
1 
0 
0 
0 
0 
0 
0 
1 
0 
0 
1 
2 
1 
1 
1 
1 
-1 
0 
-1 
-1 
-1 
0 
0 
0 
0 
-18 
-12 
-5 

