-53 
-2 
-2 
-1 
0 
-2 
-2 
0 
0 
-1 
-1 
-1 
0 
-1 
0 
0 
-2 
1 
1 
-1 
-2 
-1 
-1 
-1 
-1 
0 
1 
0 
-1 
-2 
-1 
0 
0 
0 
0 
-1 
0 
0 
-1 
1 
-2 
1 
-2 
2 
-6 
-2 
12 
0 
-7 
0 
-1 
-1 
-1 
-1 
0 
-1 
0 
-1 
-1 
-1 
-1 
-1 
-1 
-1 
-1 
-1 
0 
0 
1 
0 
-1 
-1 
-3 
5 
3 
-10 
-10 
3 
10 
12 
-8 
-4 
-3 
1 
2 
-2 
-2 
1 
0 
0 
0 
1 
1 
1 
1 
0 
-1 
0 
-1 
0 
0 
-1 
0 
0 
-3 
-4 
2 
6 
1 
-3 
-2 
-2 
-1 
-1 
-1 
-1 
1 
0 
-1 
-2 
-2 
-2 
-4 
9 
4 
-7 
3 
3 
0 
0 
0 
0 
0 
-1 
-1 
0 
0 
-1 
-1 
-1 
-1 
-1 
-1 
-1 
1 
0 
-1 
-1 
-1 
0 
0 
1 
-3 
1 
0 
-2 
1 
0 
-2 
-2 
-1 
5 
6 
3 
-1 
-7 
-6 
5 
-2 
-1 
-1 
-1 
-1 
-1 
-1 
-1 
0 
0 
0 
-1 
-1 
-1 
-1 
0 
-2 
0 
1 
-1 
-3 
-3 
0 
4 
-2 
-1 
2 
3 
-1 
-2 
0 
-2 
-1 
0 
-1 
-1 
-1 
0 
-1 
0 
-1 
-1 
-1 
-1 
-1 
-1 
-1 
-1 
0 
0 
0 
0 
0 
-1 
0 
0 
-1 
-1 
0 
-1 
-1 
-1 
-1 
0 
-2 
-1 
-1 
-1 
-1 
-1 
-1 
0 
-2 
0 
0 
0 
-1 
0 
-1 
-1 
-1 
0 
-1 
-1 
0 
-1 
-1 
0 
0 
0 
-1 
0 
0 
0 
0 
0 
-1 
0 
-1 
0 
-1 
0 
0 
0 
0 
-1 
-1 
-1 
-1 
-1 
-1 
1 
-3 
-1 
-1 
-1 
0 
0 
0 
1 
-2 
-1 
0 
0 
0 
0 
-1 
-1 
0 
-1 
-1 
-1 
-1 
-1 
-1 
0 
0 
-1 
-1 
-1 
0 
2 
0 
0 
-2 
-1 
-1 
0 
0 
-1 
-1 
-1 
-1 
-1 
-1 
0 
0 
0 
-1 
-2 
1 
0 
0 
-1 
0 
-1 
-1 
-1 
2 
-2 
2 
-21 
-5 
22 
0 
1 
-3 
-2 
1 
1 
1 
4 
3 
-4 
-1 
-2 
1 
3 
2 
-1 
-1 
7 
-3 
0 
-3 
-2 
4 
0 
-4 
1 
2 
-3 
-2 
1 
-1 
-2 
1 
-2 
-1 
0 
0 
-1 
-1 
0 
0 
0 
-2 
-1 
0 
1 
0 
-1 
-1 
-2 
2 
1 
0 
0 
-1 
-1 
-1 
-2 
-1 
0 
-1 
0 
-1 
0 
0 
0 
-1 
1 
0 
-2 
-1 
1 
1 
-2 
1 
16 
10 
-7 
-12 
-14 
-7 
10 
-2 
-2 
-1 
0 
-1 
-1 
0 
-1 
1 
0 
1 
0 
-1 
-1 
-1 
-1 
0 
0 
0 
-1 
-1 
0 
0 
1 
-1 
-1 
-1 
0 
0 
0 
0 
-2 
0 
-1 
0 
-1 
-1 
-1 
0 
-1 
3 
2 
0 
0 
2 
-2 
-4 
0 
-2 
-1 
0 
0 
0 
0 
0 
-44 

