-12 
-28 
-1 
0 
0 
0 
-1 
0 
1 
1 
-1 
0 
0 
1 
0 
0 
0 
1 
1 
0 
-1 
0 
0 
-1 
-1 
0 
1 
1 
0 
0 
0 
1 
0 
0 
0 
1 
0 
0 
1 
-1 
0 
-1 
0 
-2 
-4 
2 
8 
4 
-4 
-3 
0 
0 
0 
0 
0 
1 
0 
0 
-1 
-1 
0 
0 
0 
0 
-1 
0 
0 
1 
0 
0 
0 
-1 
0 
0 
-2 
-5 
-4 
3 
9 
7 
1 
-4 
-3 
-1 
0 
0 
-1 
0 
0 
0 
0 
1 
2 
1 
0 
-1 
-1 
-1 
0 
0 
0 
1 
1 
0 
-3 
-3 
2 
6 
3 
-1 
-3 
-2 
0 
0 
0 
1 
0 
0 
0 
-1 
-2 
-4 
1 
7 
4 
-2 
-2 
2 
1 
1 
0 
0 
0 
0 
0 
0 
1 
1 
0 
0 
0 
0 
0 
1 
0 
0 
1 
0 
0 
0 
1 
0 
0 
0 
0 
1 
1 
0 
-1 
-2 
0 
4 
7 
4 
0 
-4 
-4 
0 
0 
0 
1 
1 
1 
1 
0 
0 
0 
1 
0 
0 
0 
0 
0 
-1 
-1 
0 
1 
0 
-2 
-3 
1 
2 
0 
-1 
2 
3 
0 
-2 
-1 
0 
0 
0 
0 
0 
0 
-1 
0 
0 
-1 
0 
0 
0 
0 
0 
0 
0 
0 
1 
0 
1 
0 
1 
0 
0 
0 
1 
0 
1 
1 
0 
0 
0 
0 
0 
0 
-1 
-1 
0 
0 
-1 
-1 
-1 
0 
0 
1 
0 
0 
-1 
0 
0 
0 
1 
0 
0 
1 
0 
0 
0 
1 
0 
1 
0 
0 
0 
1 
-1 
0 
0 
1 
0 
0 
0 
0 
1 
0 
-1 
-1 
0 
1 
1 
-1 
-1 
0 
1 
1 
1 
0 
0 
0 
0 
0 
1 
1 
0 
0 
-1 
0 
0 
-1 
-1 
-1 
-1 
0 
0 
0 
0 
-1 
0 
1 
1 
2 
0 
-1 
-1 
0 
0 
0 
1 
0 
0 
-1 
0 
1 
1 
0 
0 
-1 
-1 
0 
0 
0 
0 
0 
1 
0 
1 
1 
2 
-9 
-16 
-3 
13 
12 
0 
-1 
0 
1 
3 
4 
4 
2 
-1 
-2 
-1 
3 
5 
2 
-1 
2 
5 
2 
-3 
-3 
1 
3 
2 
0 
2 
2 
-1 
-1 
0 
-1 
0 
-1 
0 
-1 
1 
0 
0 
-1 
1 
1 
0 
-1 
0 
1 
1 
0 
0 
-1 
-1 
1 
1 
1 
0 
1 
0 
-1 
0 
-1 
0 
1 
0 
1 
1 
1 
0 
0 
0 
1 
0 
1 
2 
2 
3 
10 
13 
7 
-4 
-11 
-12 
-8 
-1 
2 
0 
0 
-1 
0 
0 
0 
1 
0 
1 
1 
0 
0 
-1 
-1 
-1 
0 
0 
0 
-1 
-1 
0 
2 
1 
0 
-1 
0 
0 
1 
1 
0 
0 
-1 
1 
0 
0 
0 
0 
0 
1 
2 
2 
1 
1 
1 
-2 
-3 
-2 
-1 
-1 
0 
0 
0 
1 
-21 
-10 

