Sigma: 1.4139999999999999
G_Kernel[0][0] 0.092717418604014015
G_Kernel[0][1] 0.11906051350198525
G_Kernel[0][2] 0.092717418604014015
G_Kernel[1][0] 0.11906051350198525
G_Kernel[1][1] 0.15288827157600263
G_Kernel[1][2] 0.11906051350198525
G_Kernel[2][0] 0.092717418604014015
G_Kernel[2][1] 0.11906051350198525
G_Kernel[2][2] 0.092717418604014015
Sigma: 1.9993959999999997
G_Kernel[0][0] 0.023238635292513864
G_Kernel[0][1] 0.033819677598242469
G_Kernel[0][2] 0.038325610139225079
G_Kernel[0][3] 0.033819677598242469
G_Kernel[0][4] 0.023238635292513864
G_Kernel[1][0] 0.033819677598242469
G_Kernel[1][1] 0.049218492327624749
G_Kernel[1][2] 0.055776071285996383
G_Kernel[1][3] 0.049218492327624749
G_Kernel[1][4] 0.033819677598242469
G_Kernel[2][0] 0.038325610139225079
G_Kernel[2][1] 0.055776071285996383
G_Kernel[2][2] 0.063207343032619934
G_Kernel[2][3] 0.055776071285996383
G_Kernel[2][4] 0.038325610139225079
G_Kernel[3][0] 0.033819677598242469
G_Kernel[3][1] 0.049218492327624749
G_Kernel[3][2] 0.055776071285996383
G_Kernel[3][3] 0.049218492327624749
G_Kernel[3][4] 0.033819677598242469
G_Kernel[4][0] 0.023238635292513864
G_Kernel[4][1] 0.033819677598242469
G_Kernel[4][2] 0.038325610139225079
G_Kernel[4][3] 0.033819677598242469
G_Kernel[4][4] 0.023238635292513864
Sigma: 2.8271459439999993
G_Kernel[0][0] 0.030809102162597531
G_Kernel[0][1] 0.037169188380625919
G_Kernel[0][2] 0.039568636938193465
G_Kernel[0][3] 0.037169188380625919
G_Kernel[0][4] 0.030809102162597531
G_Kernel[1][0] 0.037169188380625919
G_Kernel[1][1] 0.04484222089898051
G_Kernel[1][2] 0.047737000337055836
G_Kernel[1][3] 0.04484222089898051
G_Kernel[1][4] 0.037169188380625919
G_Kernel[2][0] 0.039568636938193465
G_Kernel[2][1] 0.047737000337055836
G_Kernel[2][2] 0.050818651607683375
G_Kernel[2][3] 0.047737000337055836
G_Kernel[2][4] 0.039568636938193465
G_Kernel[3][0] 0.037169188380625919
G_Kernel[3][1] 0.04484222089898051
G_Kernel[3][2] 0.047737000337055836
G_Kernel[3][3] 0.04484222089898051
G_Kernel[3][4] 0.037169188380625919
G_Kernel[4][0] 0.030809102162597531
G_Kernel[4][1] 0.037169188380625919
G_Kernel[4][2] 0.039568636938193465
G_Kernel[4][3] 0.037169188380625919
G_Kernel[4][4] 0.030809102162597531
Sigma: 3.997584364815999
G_Kernel[0][0] 0.014754044793808502
G_Kernel[0][1] 0.017252484482802938
G_Kernel[0][2] 0.018950294961355484
G_Kernel[0][3] 0.019552580550114801
G_Kernel[0][4] 0.018950294961355484
G_Kernel[0][5] 0.017252484482802938
G_Kernel[0][6] 0.014754044793808502
G_Kernel[1][0] 0.017252484482802938
G_Kernel[1][1] 0.020174008211921897
G_Kernel[1][2] 0.022159324736666357
G_Kernel[1][3] 0.022863600948342663
G_Kernel[1][4] 0.022159324736666357
G_Kernel[1][5] 0.020174008211921897
G_Kernel[1][6] 0.017252484482802938
G_Kernel[2][0] 0.018950294961355484
G_Kernel[2][1] 0.022159324736666357
G_Kernel[2][2] 0.024340015510395913
G_Kernel[2][3] 0.025113599277930113
G_Kernel[2][4] 0.024340015510395913
G_Kernel[2][5] 0.022159324736666357
G_Kernel[2][6] 0.018950294961355484
G_Kernel[3][0] 0.019552580550114801
G_Kernel[3][1] 0.022863600948342663
G_Kernel[3][2] 0.025113599277930113
G_Kernel[3][3] 0.025911769383346342
G_Kernel[3][4] 0.025113599277930113
G_Kernel[3][5] 0.022863600948342663
G_Kernel[3][6] 0.019552580550114801
G_Kernel[4][0] 0.018950294961355484
G_Kernel[4][1] 0.022159324736666357
G_Kernel[4][2] 0.024340015510395913
G_Kernel[4][3] 0.025113599277930113
G_Kernel[4][4] 0.024340015510395913
G_Kernel[4][5] 0.022159324736666357
G_Kernel[4][6] 0.018950294961355484
G_Kernel[5][0] 0.017252484482802938
G_Kernel[5][1] 0.020174008211921897
G_Kernel[5][2] 0.022159324736666357
G_Kernel[5][3] 0.022863600948342663
G_Kernel[5][4] 0.022159324736666357
G_Kernel[5][5] 0.020174008211921897
G_Kernel[5][6] 0.017252484482802938
G_Kernel[6][0] 0.014754044793808502
G_Kernel[6][1] 0.017252484482802938
G_Kernel[6][2] 0.018950294961355484
G_Kernel[6][3] 0.019552580550114801
G_Kernel[6][4] 0.018950294961355484
G_Kernel[6][5] 0.017252484482802938
G_Kernel[6][6] 0.014754044793808502
MIN1668
MAX7454
9122
Sigma: 1.4139999999999999
G_Kernel[0][0] 0.092717418604014015
G_Kernel[0][1] 0.11906051350198525
G_Kernel[0][2] 0.092717418604014015
G_Kernel[1][0] 0.11906051350198525
G_Kernel[1][1] 0.15288827157600263
G_Kernel[1][2] 0.11906051350198525
G_Kernel[2][0] 0.092717418604014015
G_Kernel[2][1] 0.11906051350198525
G_Kernel[2][2] 0.092717418604014015
Sigma: 1.9993959999999997
G_Kernel[0][0] 0.023238635292513864
G_Kernel[0][1] 0.033819677598242469
G_Kernel[0][2] 0.038325610139225079
G_Kernel[0][3] 0.033819677598242469
G_Kernel[0][4] 0.023238635292513864
G_Kernel[1][0] 0.033819677598242469
G_Kernel[1][1] 0.049218492327624749
G_Kernel[1][2] 0.055776071285996383
G_Kernel[1][3] 0.049218492327624749
G_Kernel[1][4] 0.033819677598242469
G_Kernel[2][0] 0.038325610139225079
G_Kernel[2][1] 0.055776071285996383
G_Kernel[2][2] 0.063207343032619934
G_Kernel[2][3] 0.055776071285996383
G_Kernel[2][4] 0.038325610139225079
G_Kernel[3][0] 0.033819677598242469
G_Kernel[3][1] 0.049218492327624749
G_Kernel[3][2] 0.055776071285996383
G_Kernel[3][3] 0.049218492327624749
G_Kernel[3][4] 0.033819677598242469
G_Kernel[4][0] 0.023238635292513864
G_Kernel[4][1] 0.033819677598242469
G_Kernel[4][2] 0.038325610139225079
G_Kernel[4][3] 0.033819677598242469
G_Kernel[4][4] 0.023238635292513864
Sigma: 2.8271459439999993
G_Kernel[0][0] 0.030809102162597531
G_Kernel[0][1] 0.037169188380625919
G_Kernel[0][2] 0.039568636938193465
G_Kernel[0][3] 0.037169188380625919
G_Kernel[0][4] 0.030809102162597531
G_Kernel[1][0] 0.037169188380625919
G_Kernel[1][1] 0.04484222089898051
G_Kernel[1][2] 0.047737000337055836
G_Kernel[1][3] 0.04484222089898051
G_Kernel[1][4] 0.037169188380625919
G_Kernel[2][0] 0.039568636938193465
G_Kernel[2][1] 0.047737000337055836
G_Kernel[2][2] 0.050818651607683375
G_Kernel[2][3] 0.047737000337055836
G_Kernel[2][4] 0.039568636938193465
G_Kernel[3][0] 0.037169188380625919
G_Kernel[3][1] 0.04484222089898051
G_Kernel[3][2] 0.047737000337055836
G_Kernel[3][3] 0.04484222089898051
G_Kernel[3][4] 0.037169188380625919
G_Kernel[4][0] 0.030809102162597531
G_Kernel[4][1] 0.037169188380625919
G_Kernel[4][2] 0.039568636938193465
G_Kernel[4][3] 0.037169188380625919
G_Kernel[4][4] 0.030809102162597531
Sigma: 3.997584364815999
G_Kernel[0][0] 0.014754044793808502
G_Kernel[0][1] 0.017252484482802938
G_Kernel[0][2] 0.018950294961355484
G_Kernel[0][3] 0.019552580550114801
G_Kernel[0][4] 0.018950294961355484
G_Kernel[0][5] 0.017252484482802938
G_Kernel[0][6] 0.014754044793808502
G_Kernel[1][0] 0.017252484482802938
G_Kernel[1][1] 0.020174008211921897
G_Kernel[1][2] 0.022159324736666357
G_Kernel[1][3] 0.022863600948342663
G_Kernel[1][4] 0.022159324736666357
G_Kernel[1][5] 0.020174008211921897
G_Kernel[1][6] 0.017252484482802938
G_Kernel[2][0] 0.018950294961355484
G_Kernel[2][1] 0.022159324736666357
G_Kernel[2][2] 0.024340015510395913
G_Kernel[2][3] 0.025113599277930113
G_Kernel[2][4] 0.024340015510395913
G_Kernel[2][5] 0.022159324736666357
G_Kernel[2][6] 0.018950294961355484
G_Kernel[3][0] 0.019552580550114801
G_Kernel[3][1] 0.022863600948342663
G_Kernel[3][2] 0.025113599277930113
G_Kernel[3][3] 0.025911769383346342
G_Kernel[3][4] 0.025113599277930113
G_Kernel[3][5] 0.022863600948342663
G_Kernel[3][6] 0.019552580550114801
G_Kernel[4][0] 0.018950294961355484
G_Kernel[4][1] 0.022159324736666357
G_Kernel[4][2] 0.024340015510395913
G_Kernel[4][3] 0.025113599277930113
G_Kernel[4][4] 0.024340015510395913
G_Kernel[4][5] 0.022159324736666357
G_Kernel[4][6] 0.018950294961355484
G_Kernel[5][0] 0.017252484482802938
G_Kernel[5][1] 0.020174008211921897
G_Kernel[5][2] 0.022159324736666357
G_Kernel[5][3] 0.022863600948342663
G_Kernel[5][4] 0.022159324736666357
G_Kernel[5][5] 0.020174008211921897
G_Kernel[5][6] 0.017252484482802938
G_Kernel[6][0] 0.014754044793808502
G_Kernel[6][1] 0.017252484482802938
G_Kernel[6][2] 0.018950294961355484
G_Kernel[6][3] 0.019552580550114801
G_Kernel[6][4] 0.018950294961355484
G_Kernel[6][5] 0.017252484482802938
G_Kernel[6][6] 0.014754044793808502
