17 346
49 249
56 419
58 412
62 425
119 200
136 602
137 514
179 208
181 523
220 459
227 459
227 460
230 362
233 240
236 276
237 451
237 452
238 223
238 524
239 223
239 268
246 527
246 543
246 553
252 226
262 362
262 445
271 243
285 336
285 375
293 441
294 441
300 619
310 452
320 601
326 437
326 455
326 511
327 399
327 466
327 484
330 399
331 511
333 454
333 466
333 472
340 511
343 511
345 626
346 97
347 466
347 467
347 468
353 230
356 233
356 235
371 433
378 526
392 552
399 180
401 180
402 422
407 494
408 370
446 383
