16 312
17 340
20 336
21 14
21 296
23 157
23 299
23 306
24 350
24 352
24 354
25 369
26 22
27 366
28 355
28 366
30 371
35 386
36 393
37 395
37 555
37 556
38 450
39 271
45 250
45 274
48 405
53 239
57 544
59 407
59 410
61 370
66 233
67 435
69 235
70 231
72 227
76 411
94 210
95 212
96 212
96 448
97 214
102 94
102 198
102 437
103 200
105 203
105 420
105 448
105 450
106 429
108 449
109 55
111 620
113 450
113 607
116 207
118 452
119 614
123 288
124 503
125 19
125 120
125 438
125 609
132 514
133 511
135 32
136 198
137 365
138 205
140 518
141 592
142 39
146 593
153 523
153 627
155 205
159 146
161 150
162 67
163 373
163 399
163 400
163 401
163 402
165 470
166 397
166 460
168 203
168 397
168 454
169 402
170 405
171 405
171 569
172 390
172 400
172 405
173 387
174 415
174 569
175 502
176 398
177 398
178 388
180 391
181 388
184 359
186 366
186 389
186 482
187 389
187 487
188 389
188 462
189 389
191 315
191 455
194 457
194 490
194 491
195 190
196 390
196 393
196 402
197 223
197 379
197 393
198 393
198 465
198 467
199 403
200 383
200 390
201 402
202 402
204 390
204 462
205 483
206 380
207 506
208 390
208 524
210 501
213 444
214 420
215 438
216 456
216 467
216 602
217 428
217 511
220 219
222 374
223 245
223 463
224 250
224 463
225 458
225 461
225 521
228 424
229 585
230 449
231 374
232 230
232 348
233 230
233 416
233 443
233 537
234 271
234 432
234 511
234 558
235 277
236 317
236 527
236 529
237 200
237 242
237 463
237 465
237 467
237 560
238 229
238 567
238 571
239 520
240 228
240 283
240 284
240 401
240 533
240 558
241 228
241 511
241 523
242 228
242 353
242 520
242 526
242 527
242 562
243 281
244 520
244 557
245 246
245 350
245 511
246 259
247 362
247 527
247 536
247 560
249 252
249 336
251 250
251 340
251 428
251 555
252 253
253 362
254 256
256 226
257 229
257 351
257 443
258 222
260 259
261 222
261 231
261 259
262 222
262 250
263 257
264 459
264 511
264 512
264 547
265 221
265 445
270 429
271 245
271 267
271 510
273 232
277 333
278 376
279 246
279 252
279 510
280 218
280 339
280 363
280 510
282 248
282 376
284 417
284 454
287 230
287 374
288 233
288 272
288 339
288 374
288 376
288 433
288 459
289 456
290 374
290 441
291 451
292 230
292 276
292 329
292 443
292 457
292 512
293 425
293 434
294 418
295 245
295 256
295 456
295 515
296 245
296 269
296 270
296 276
296 425
296 434
296 512
297 245
297 374
297 512
298 336
298 625
299 268
299 269
299 433
299 508
301 436
301 612
301 613
301 614
301 615
302 262
302 263
302 374
302 430
303 252
303 317
303 374
303 422
304 299
304 617
305 304
306 432
306 445
307 429
308 273
308 304
308 424
309 216
309 276
309 277
309 298
309 299
309 300
312 245
313 328
313 460
314 545
315 273
315 445
316 340
316 564
318 243
318 416
319 527
319 608
320 411
320 416
320 537
320 543
323 482
323 545
323 608
324 362
324 399
325 362
325 429
325 436
325 562
325 580
326 510
327 215
327 280
329 280
330 269
330 274
330 356
330 400
331 566
332 218
332 440
332 527
333 218
333 245
333 403
333 451
333 460
333 462
334 277
334 287
334 402
334 424
334 428
334 487
334 510
334 602
335 268
335 274
335 277
335 614
336 396
336 429
336 483
337 271
337 548
338 610
338 611
339 252
339 277
339 402
339 560
339 605
340 277
340 614
340 615
341 350
341 454
342 284
342 444
342 446
342 510
343 290
343 513
344 16
344 90
344 91
344 94
344 95
344 96
344 98
344 99
344 416
345 369
346 617
347 87
347 92
347 104
347 462
348 78
348 244
348 245
348 263
348 264
348 271
348 430
348 452
348 465
349 449
350 106
350 214
350 248
350 261
351 60
351 293
351 474
352 278
352 280
353 56
353 103
353 225
353 425
354 26
354 289
354 380
355 416
357 105
358 38
358 39
358 40
358 105
358 225
358 398
358 413
359 105
359 389
359 556
359 580
360 339
361 496
362 105
362 389
362 481
363 102
363 287
363 507
363 579
364 28
364 102
364 389
365 102
366 397
367 212
367 629
368 217
368 303
368 389
369 533
372 215
372 299
373 240
373 395
374 196
375 205
375 318
375 401
376 304
376 318
376 522
376 528
377 135
377 136
377 138
377 140
377 141
377 142
377 304
377 522
378 11
378 191
378 202
379 522
380 103
380 219
380 259
380 522
381 8
383 327
383 406
384 109
384 149
384 244
385 149
385 527
385 583
386 184
386 541
387 117
387 340
387 425
388 122
388 132
388 136
389 117
389 122
389 362
389 413
390 122
391 119
391 122
391 196
391 411
391 541
392 136
393 181
393 359
393 497
394 516
395 501
395 516
396 138
396 144
396 204
396 516
397 49
397 478
397 516
398 8
398 121
398 494
399 133
399 516
399 613
400 56
400 121
400 133
400 142
400 479
400 516
401 98
401 283
401 516
402 98
402 167
402 496
403 137
404 62
404 118
404 137
404 261
404 281
404 479
405 118
405 137
405 489
405 580
406 118
406 315
406 476
406 516
407 436
408 259
408 315
409 49
409 166
409 366
409 452
409 453
409 454
409 455
409 456
409 473
409 474
409 481
409 482
409 491
409 492
409 516
410 122
410 132
410 315
411 122
411 132
411 607
412 122
412 482
412 483
412 501
413 54
413 117
413 134
414 44
414 54
414 117
415 44
415 117
415 129
415 136
417 56
417 97
417 211
417 212
419 99
419 133
420 9
420 121
420 133
421 121
422 118
423 96
423 118
424 118
424 135
424 206
425 116
425 118
426 232
426 527
427 118
427 156
429 39
429 48
430 208
430 598
431 317
431 347
431 377
431 524
432 130
433 46
433 117
434 40
434 304
435 56
435 446
436 112
436 381
437 172
438 10
438 101
439 92
439 105
439 107
440 136
440 152
440 229
440 231
440 375
440 519
441 14
441 450
442 235
442 453
443 50
443 95
444 86
445 131
445 133
445 151
445 457
446 77
446 78
447 96
450 390
450 512
450 527
451 100
451 115
452 63
452 64
452 78
452 404
452 503
452 587
453 97
453 119
454 48
454 67
455 201
456 33
456 52
456 473
458 21
458 141
458 154
459 30
459 99
459 127
459 523
461 101
461 330
463 66
463 411
465 356
465 480
466 350
467 400
468 158
468 508
469 201
